01_0014 265 1 154 229
01_0015 433 1 86 373
01_0016 337 1 188 278
01_0025 601 1 148 202
01_0026 505 1 278 397
01_0027 409 1 77 151
01_0028 457 1 266 330
01_0029 313 1 133 245
01_0030 409 1 149 348
01_0051 337 1 98 325
01_0052 337 1 119 231
01_0053 457 1 80 315
01_0054 577 1 145 437
01_0055 313 1 68 312
01_0056 529 1 263 397
01_0063 193 1 80 150
01_0064 289 1 76 288
01_0073 289 1 171 261
01_0076 265 1 0 250
01_0129 241 1 47 144
01_0130 337 1 127 220
01_0131 289 1 68 164
01_0132 265 1 116 202
01_0133 217 1 0 216
01_0134 433 1 90 310
01_0135 409 1 167 355
01_0136 529 1 133 445
01_0138 313 1 115 234
01_0139 217 1 85 191
01_0140 241 1 119 191
01_0141 313 1 78 223
01_0162 193 1 57 160
01_0163 265 1 101 220
01_0177 317 1 106 191
02_0128 457 1 94 390
02_0161 337 1 68 287
02_0164 361 1 103 293
03_0031 529 1 327 386
03_0032 409 1 144 263
03_0033 313 1 51 166
03_0035 385 1 60 285
03_0036 457 1 191 418
03_0039 481 1 223 450
03_0041 457 1 85 190
03_0059 433 1 131 277
03_0060 385 1 187 270
03_0061 241 1 18 64
04_0001 553 1 0 499
04_0003 937 1 406 649
04_0004 865 1 426 555
04_0010 505 1 228 335
04_0011 313 1 0 312
04_0012 361 1 0 343
04_0013 361 1 61 270
04_0046 529 1 161 336
04_0050 337 1 135 218
05_0017 433 1 283 415
05_0018 481 1 154 219
05_0019 649 1 244 403
05_0020 649 1 424 479
05_0021 409 1 149 229
05_0022 337 1 226 336
05_0023 769 1 171 591
05_0024 433 1 57 191
06_0144 241 1 59 201
06_0145 217 1 0 182
06_0147 265 1 140 216
06_0150 265 1 33 189
06_0153 217 1 112 180
06_0155 265 1 98 193
07_0005 409 1 135 202
07_0006 385 1 159 261
07_0007 481 1 129 359
07_0008 457 1 177 364
07_0009 313 1 118 199
07_0047 601 1 171 375
07_0048 241 1 189 240
07_0049 481 1 237 336
08_0044 313 1 132 306
08_0058 337 1 0 250
08_0077 457 1 34 429
08_0078 217 1 0 173
08_0079 241 1 63 164
08_0080 289 1 9 205
08_0156 337 1 104 193
08_0157 313 1 138 282
08_0158 337 1 92 255
08_0159 265 1 100 230
08_0178 265 1 46 177
08_0179 337 1 29 239
09_0057 361 1 143 226
10_0037 433 1 123 432
10_0038 241 1 0 227
10_0042 433 1 0 363
10_0074 601 1 47 585
10_0075 505 1 184 404
11_0176 337 1 127 278
12_0142 601 1 74 600
12_0143 265 1 63 245
12_0148 313 1 81 286
12_0149 241 1 101 230
12_0151 289 1 0 234
12_0152 361 1 49 360
12_0154 385 1 89 384
12_0173 217 1 51 167
12_0174 337 1 93 336
12_0175 265 1 102 264
